  1.0416667E-02  5.2053371E-09
  2.0833334E-02  3.0781717E-08
  3.1250000E-02  2.6013005E-08
  4.1666668E-02  1.8814105E-06
  5.2083332E-02 -1.4610988E-05
  6.2500000E-02  2.3512889E-04
  7.2916664E-02  1.9968585E-03
  8.3333336E-02  5.2772015E-03
  9.3750000E-02  9.3902713E-03
  0.1041667      1.3248812E-02
  0.1145833      1.5434126E-02
  0.1250000      1.5284247E-02
  0.1354167      1.2395161E-02
  0.1458333      6.3451342E-03
  0.1562500     -2.4939799E-03
  0.1666667     -1.4508720E-02
  0.1770833     -2.8827537E-02
  0.1875000     -4.4725489E-02
  0.1979167     -6.1947301E-02
  0.2083333     -7.9888292E-02
  0.2187500     -9.7996399E-02
  0.2291667     -0.1156164    
  0.2395833     -0.1321458    
  0.2500000     -0.1470032    
  0.2604167     -0.1596147    
  0.2708333     -0.1695356    
  0.2812500     -0.1763323    
  0.2916667     -0.1796485    
  0.3020833     -0.1792491    
  0.3125000     -0.1749781    
  0.3229167     -0.1665661    
  0.3333333     -0.1546320    
  0.3437500     -0.1380790    
  0.3541667     -0.1175174    
  0.3645833     -9.3973182E-02
  0.3750000     -6.7186475E-02
  0.3854167     -3.7686016E-02
  0.3958333     -6.0011940E-03
  0.4062500      2.7354587E-02
  0.4166667      6.1680499E-02
  0.4270833      9.6325941E-02
  0.4375000      0.1306290    
  0.4479167      0.1638647    
  0.4583333      0.1953267    
  0.4687500      0.2243517    
  0.4791667      0.2502995    
  0.4895833      0.2725930    
  0.5000000      0.2907200    
  0.5104167      0.3042431    
  0.5208333      0.3128161    
  0.5312500      0.3161804    
  0.5416667      0.3141807    
  0.5520833      0.3069423    
  0.5625000      0.2945112    
  0.5729167      0.2763937    
  0.5833333      0.2533293    
  0.5937500      0.2250866    
  0.6041667      0.1931946    
  0.6145833      0.1576290    
  0.6250000      0.1187740    
  0.6354167      7.7381752E-02
  0.6458333      3.4017872E-02
  0.6562500     -1.0544152E-02
  0.6666667     -5.5615101E-02
  0.6770833     -0.1004578    
  0.6875000     -0.1443208    
  0.6979167     -0.1864663    
  0.7083333     -0.2261771    
  0.7187500     -0.2627709    
  0.7291667     -0.2955911    
  0.7395833     -0.3240472    
  0.7500000     -0.3476066    
  0.7604167     -0.3658037    
  0.7708333     -0.3782588    
  0.7812500     -0.3846757    
  0.7916667     -0.3848558    
  0.8020833     -0.3786983    
  0.8125000     -0.3663151    
  0.8229167     -0.3479732    
  0.8333333     -0.3229401    
  0.8437500     -0.2927082    
  0.8541667     -0.2573781    
  0.8645833     -0.2174224    
  0.8750000     -0.1735335    
  0.8854167     -0.1263529    
  0.8958333     -7.6707870E-02
  0.9062500     -2.5520284E-02
  0.9166667      2.6407557E-02
  0.9270833      7.8183047E-02
  0.9375000      0.1288975    
  0.9479167      0.1776730    
  0.9583333      0.2236764    
  0.9687500      0.2661214    
  0.9791667      0.3042944    
  0.9895833      0.3375504    
   1.000000      0.3653422    
   1.010417      0.3872189    
   1.020833      0.4028336    
   1.031250      0.4119461    
   1.041667      0.4144284    
   1.052083      0.4102599    
   1.062500      0.3995692    
   1.072917      0.3828207    
   1.083333      0.3593151    
   1.093750      0.3316327    
   1.104167      0.2969089    
   1.114583      0.2574592    
   1.125000      0.2147243    
   1.135417      0.1685399    
   1.145833      0.1195788    
   1.156250      6.8763427E-02
   1.166667      1.6755363E-02
   1.177083     -3.5567392E-02
   1.187500     -8.7454677E-02
   1.197917     -0.1381108    
   1.208333     -0.1867398    
   1.218750     -0.2325761    
   1.229167     -0.2749046    
   1.239583     -0.3130644    
   1.250000     -0.3464307    
   1.260417     -0.3744413    
   1.270833     -0.3966224    
   1.281250     -0.4125797    
   1.291667     -0.4220099    
   1.302083     -0.4247124    
   1.312500     -0.4205859    
   1.322917     -0.4099250    
   1.333333     -0.3921243    
   1.343750     -0.3685544    
   1.354167     -0.3383918    
   1.364583     -0.3019463    
   1.375000     -0.2611900    
   1.385417     -0.2159749    
   1.395833     -0.1671391    
   1.406250     -0.1153129    
   1.416667     -6.1613858E-02
   1.427083     -6.8334513E-03
   1.437500      4.8104730E-02
   1.447917      0.1022617    
   1.458333      0.1547217    
   1.468750      0.2046154    
   1.479167      0.2511119    
   1.489583      0.2934480    
   1.500000      0.3309427    
   1.510417      0.3629966    
   1.520833      0.3891085    
   1.531250      0.4088854    
   1.541667      0.4220476    
   1.552083      0.4284231    
   1.562500      0.4279500    
   1.572917      0.4206716    
   1.583333      0.4070736    
   1.593750      0.3869333    
   1.604167      0.3600283    
   1.614583      0.3280830    
   1.625000      0.2911027    
   1.635417      0.2496057    
   1.645833      0.2043011    
   1.656250      0.1558050    
   1.666667      0.1048928    
   1.677083      5.2451514E-02
   1.687500     -8.3850417E-04
   1.697917     -5.4096166E-02
   1.708333     -0.1065614    
   1.718750     -0.1574211    
   1.729167     -0.2058927    
   1.739583     -0.2512276    
   1.750000     -0.2927189    
   1.760417     -0.3297160    
   1.770833     -0.3616174    
   1.781250     -0.3878987    
   1.791667     -0.4081146    
   1.802083     -0.4219054    
   1.812500     -0.4290068    
   1.822917     -0.4292626    
   1.833333     -0.4226255    
   1.843750     -0.4092174    
   1.854167     -0.3894105    
   1.864583     -0.3623928    
   1.875000     -0.3298901    
   1.885417     -0.2919506    
   1.895833     -0.2491146    
   1.906250     -0.2021092    
   1.916667     -0.1517713    
   1.927083     -9.8736063E-02
   1.937500     -4.4137407E-02
   1.947917      1.1179009E-02
   1.958333      6.6328451E-02
   1.968750      0.1203679    
   1.979167      0.1723772    
   1.989583      0.2215043    
   2.000000      0.2669329    
   2.010417      0.3079211    
   2.020833      0.3438170    
   2.031250      0.3740638    
   2.041667      0.3981981    
   2.052083      0.4158629    
   2.062500      0.4268101    
   2.072917      0.4309061    
   2.083333      0.4281276    
   2.093750      0.4185740    
   2.104167      0.4025021    
   2.114583      0.3804864    
   2.125000      0.3522479    
   2.135417      0.3183850    
   2.145833      0.2789782    
   2.156250      0.2360905    
   2.166667      0.1894491    
   2.177083      0.1399795    
   2.187500      8.8391311E-02
   2.197917      3.5431925E-02
   2.208333     -1.8069737E-02
   2.218750     -7.1283065E-02
   2.229167     -0.1234250    
   2.239583     -0.1736966    
   2.250000     -0.2213221    
   2.260417     -0.2655552    
   2.270833     -0.3057234    
   2.281250     -0.3411908    
   2.291667     -0.3713730    
   2.302083     -0.3957676    
   2.312500     -0.4139572    
   2.322917     -0.4256139    
   2.333333     -0.4305117    
   2.343750     -0.4285235    
   2.354167     -0.4196588    
   2.364583     -0.4043050    
   2.375000     -0.3822257    
   2.385417     -0.3538021    
   2.395833     -0.3185525    
   2.406250     -0.2789985    
   2.416667     -0.2346881    
   2.427083     -0.1865270    
   2.437500     -0.1350797    
   2.447917     -8.1445478E-02
   2.458333     -2.6460644E-02
   2.468750      2.8977087E-02
   2.479167      8.3914869E-02
   2.489583      0.1374397    
   2.500000      0.1886552    
   2.510417      0.2367082    
   2.520833      0.2808119    
   2.531250      0.3202602    
   2.541667      0.3544207    
   2.552083      0.3827589    
   2.562500      0.4048474    
   2.572917      0.4203696    
   2.583333      0.4291195    
   2.593750      0.4309995    
   2.604167      0.4260159    
   2.614583      0.4143272    
   2.625000      0.3964666    
   2.635417      0.3717074    
   2.645833      0.3427665    
   2.656250      0.3059259    
   2.666667      0.2657811    
   2.677083      0.2216017    
   2.687500      0.1740165    
   2.697917      0.1236941    
   2.708333      7.1568802E-02
   2.718750      1.8317340E-02
   2.729167     -3.5182029E-02
   2.739583     -8.8164315E-02
   2.750000     -0.1398105    
   2.760417     -0.1893295    
   2.770833     -0.2359607    
   2.781250     -0.2789782    
   2.791667     -0.3177153    
   2.802083     -0.3515505    
   2.812500     -0.3799292    
   2.822917     -0.4023759    
   2.833333     -0.4185059    
   2.843750     -0.4280157    
   2.854167     -0.4307125    
   2.864583     -0.4265032    
   2.875000     -0.4156902    
   2.885417     -0.3976583    
   2.895833     -0.3733028    
   2.906250     -0.3428546    
   2.916667     -0.3065850    
   2.927083     -0.2653579    
   2.937500     -0.2196728    
   2.947917     -0.1704073    
   2.958333     -0.1181592    
   2.968750     -6.3939758E-02
   2.979167     -8.7247686E-03
   2.989583      4.6645332E-02
   3.000000      0.1012446    
   3.010417      0.1541279    
   3.020833      0.2044241    
   3.031250      0.2513013    
   3.041667      0.2939871    
   3.052083      0.3318025    
   3.062500      0.3641528    
   3.072917      0.3905354    
   3.083333      0.4105604    
   3.093750      0.4239404    
   3.104167      0.4304988    
   3.114583      0.4301781    
   3.125000      0.4230218    
   3.135417      0.4095204    
   3.145833      0.3894459    
   3.156250      0.3631274    
   3.166667      0.3314643    
   3.177083      0.2935232    
   3.187500      0.2521362    
   3.197917      0.2066978    
   3.208333      0.1581497    
   3.218750      0.1071802    
   3.229167      5.4611836E-02
   3.239583      1.1777908E-03
   3.250000     -5.2238684E-02
   3.260417     -0.1048799    
   3.270833     -0.1559309    
   3.281250     -0.2046080    
   3.291667     -0.2501611    
   3.302083     -0.2918810    
   3.312500     -0.3291154    
   3.322917     -0.3612604    
   3.333333     -0.3877891    
   3.343750     -0.4082538    
   3.354167     -0.4222923    
   3.364583     -0.4296374    
   3.375000     -0.4301294    
   3.385417     -0.4237155    
   3.395833     -0.4105206    
   3.406250     -0.3909107    
   3.416667     -0.3652819    
   3.427083     -0.3317246    
   3.437500     -0.2938705    
   3.447917     -0.2511647    
   3.458333     -0.2042884    
   3.468750     -0.1539057    
   3.479167     -0.1009724    
   3.489583     -4.6351142E-02
   3.500000      9.0297107E-03
   3.510417      6.4251460E-02
   3.520833      0.1183969    
   3.531250      0.1705526    
   3.541667      0.2198523    
   3.552083      0.2654679    
   3.562500      0.3066658    
   3.572917      0.3427972    
   3.583333      0.3732874    
   3.593750      0.3976725    
   3.604167      0.4155885    
   3.614583      0.4267928    
   3.625000      0.4311494    
   3.635417      0.4286318    
   3.645833      0.4193259    
   3.656250      0.4034849    
   3.666667      0.3816852    
   3.677083      0.3536627    
   3.687500      0.3199711    
   3.697917      0.2807189    
   3.708333      0.2379355    
   3.718750      0.1915423    
   3.729167      0.1420494    
   3.739583      9.0492465E-02
   3.750000      3.7553631E-02
   3.760417     -1.5940724E-02
   3.770833     -6.9188930E-02
   3.781250     -0.1214010    
   3.791667     -0.1717809    
   3.802083     -0.2195392    
   3.812500     -0.2639472    
   3.822917     -0.3043015    
   3.833333     -0.3399685    
   3.843750     -0.3703725    
   3.854167     -0.3950112    
   3.864583     -0.4134563    
   3.875000     -0.4253774    
   3.885417     -0.4305448    
   3.895833     -0.4288297    
   3.906250     -0.4202113    
   3.916667     -0.4048656    
   3.927083     -0.3832768    
   3.937500     -0.3550751    
   3.947917     -0.3201179    
   3.958333     -0.2807240    
   3.968750     -0.2365707    
   3.979167     -0.1885463    
   3.989583     -0.1372014    
   4.000000     -8.3632402E-02
   4.010417     -2.8676819E-02
   4.020833      2.6773483E-02
   4.031250      8.1776381E-02
   4.041667      0.1353856    
   4.052083      0.1867122    
   4.062500      0.2349062    
   4.072917      0.2791853    
   4.083333      0.3188314    
   4.093750      0.3532075    
   4.104167      0.3817821    
   4.114583      0.4041281    
   4.125000      0.4199184    
   4.135417      0.4289381    
   4.145833      0.4310891    
   4.156250      0.4263763    
   4.166667      0.4152019    
   4.177083      0.3977037    
   4.187500      0.3733889    
   4.197917      0.3433120    
   4.208333      0.3074489    
   4.218750      0.2675399    
   4.229167      0.2235065    
   4.239583      0.1759387    
   4.250000      0.1257999    
   4.260417      7.3675878E-02
   4.270833      2.0482225E-02
   4.281250     -3.3016302E-02
   4.291667     -8.6029708E-02
   4.302083     -0.1377454    
   4.312500     -0.1873639    
   4.322917     -0.2341300    
   4.333333     -0.2773151    
   4.343750     -0.3162363    
   4.354167     -0.3502795    
   4.364583     -0.3788911    
   4.375000     -0.4015901    
   4.385417     -0.4179884    
   4.395833     -0.4277735    
   4.406250     -0.4307487    
   4.416667     -0.4268158    
   4.427083     -0.4160268    
   4.437500     -0.3988249    
   4.447917     -0.3744032    
   4.458333     -0.3447931    
   4.468750     -0.3080786    
   4.479167     -0.2670754    
   4.489583     -0.2215927    
   4.500000     -0.1724441    
   4.510417     -0.1202556    
   4.520833     -6.6154532E-02
   4.531250     -1.0938454E-02
   4.541667      4.4462990E-02
   4.552083      9.9100880E-02
   4.562500      0.1520696    
   4.572917      0.2024887    
   4.583333      0.2495177    
   4.593750      0.2923877    
   4.604167      0.3304065    
   4.614583      0.3629837    
   4.625000      0.3896150    
   4.635417      0.4098957    
   4.645833      0.4235392    
   4.656250      0.4303709    
   4.666667      0.4303256    
   4.677083      0.4234428    
   4.687500      0.4101940    
   4.697917      0.3903744    
   4.708333      0.3642817    
   4.718750      0.3328439    
   4.729167      0.2950616    
   4.739583      0.2538204    
   4.750000      0.2086339    
   4.760417      0.1601818    
   4.770833      0.1092510    
   4.781250      5.6739129E-02
   4.791667      3.3238675E-03
   4.802083     -5.0096378E-02
   4.812500     -0.1027642    
   4.822917     -0.1538901    
   4.833333     -0.2026805    
   4.843750     -0.2483845    
   4.854167     -0.2902760    
   4.864583     -0.3276982    
   4.875000     -0.3600589    
   4.885417     -0.3868241    
   4.895833     -0.4075479    
   4.906250     -0.4218524    
   4.916667     -0.4294725    
   4.927083     -0.4302436    
   4.937500     -0.4240984    
   4.947917     -0.4114200    
   4.958333     -0.3919274    
   4.968750     -0.3658005    
   4.979167     -0.3331999    
   4.989583     -0.2954977    
   5.000000     -0.2529765    
