%(x,y)=60686.083149, 16316.292042
       0.0104167         0.438478
       0.0208333         0.427943
         0.03125         0.410573
       0.0416667         0.386643
       0.0520833         0.356538
          0.0625         0.320737
       0.0729167         0.279812
       0.0833333         0.234418
         0.09375          0.18528
        0.104167         0.133181
        0.114583         0.078955
           0.125         0.023468
        0.135417        -0.032394
        0.145833        -0.087738
         0.15625        -0.141682
        0.166667        -0.193361
        0.177083        -0.241952
          0.1875        -0.286678
        0.197917        -0.326825
        0.208333        -0.361751
         0.21875        -0.390898
        0.229167        -0.413801
        0.239583        -0.430094
            0.25        -0.439516
        0.260417        -0.441917
        0.270833         -0.43726
         0.28125        -0.425617
        0.291667        -0.407176
        0.302083         -0.38223
          0.3125        -0.351179
        0.322917        -0.314517
        0.333333        -0.272831
         0.34375        -0.226788
        0.354167        -0.177121
        0.364583        -0.124626
           0.375        -0.070139
        0.385417        -0.014532
        0.395833         0.041307
         0.40625         0.096487
        0.416667         0.150124
        0.427083         0.201364
          0.4375         0.249388
        0.447917         0.293428
        0.458333          0.33278
         0.46875         0.366816
        0.479167         0.394993
        0.489583          0.41686
             0.5         0.432068
        0.510417         0.440374
        0.520833         0.441646
         0.53125         0.435863
        0.541667         0.423117
        0.552083         0.403613
          0.5625          0.37766
        0.572917         0.345676
        0.583333         0.308169
         0.59375         0.265739
        0.604167         0.219065
        0.614583         0.168891
           0.625          0.11602
        0.635417         0.061295
        0.645833          0.00559
         0.65625        -0.050203
        0.666667        -0.105195
        0.677083        -0.158506
          0.6875        -0.209285
        0.697917        -0.256721
        0.708333        -0.300056
         0.71875        -0.338598
        0.729167        -0.371731
        0.739583        -0.398926
            0.75        -0.419749
        0.760417        -0.433866
        0.770833        -0.441052
         0.78125        -0.441194
        0.791667        -0.434287
        0.802083        -0.420444
          0.8125        -0.399884
        0.822917        -0.372936
        0.833333        -0.340031
         0.84375        -0.301694
        0.854167        -0.258538
        0.864583        -0.211252
           0.875        -0.160592
        0.885417        -0.107366
        0.895833        -0.052424
         0.90625         0.003354
        0.916667         0.059079
        0.927083          0.11386
          0.9375         0.166822
        0.947917          0.21712
        0.958333         0.263949
         0.96875         0.306562
        0.979167         0.344278
        0.989583         0.376494
               1         0.402696
         1.01042         0.422465
         1.02083         0.435486
         1.03125          0.44155
         1.04167         0.440561
         1.05208         0.432534
          1.0625         0.417599
         1.07292         0.395992
         1.08333         0.368059
         1.09375         0.334247
         1.10417         0.295096
         1.11458         0.251231
           1.125         0.203353
         1.13542         0.152226
         1.14583         0.098668
         1.15625         0.043534
         1.16667        -0.012297
         1.17708         -0.06793
          1.1875        -0.122478
         1.19792         -0.17507
         1.20833        -0.224866
         1.21875        -0.271069
         1.22917        -0.312941
         1.23958        -0.349816
            1.25        -0.381102
         1.26042          -0.4063
         1.27083        -0.425008
         1.28125        -0.436928
         1.29167        -0.441866
         1.30208        -0.439748
          1.3125        -0.430604
         1.32292        -0.414582
         1.33333        -0.391937
         1.34375        -0.363031
         1.35417        -0.328326
         1.36458        -0.288377
           1.375        -0.243821
         1.38542         -0.19537
         1.39583        -0.143799
         1.40625         -0.08993
         1.41667        -0.034624
         1.42708         0.021235
          1.4375         0.076754
         1.44792         0.131047
         1.45833         0.183247
         1.46875          0.23252
         1.47917         0.278078
         1.48958         0.319194
             1.5         0.355211
         1.51042         0.385554
         1.52083         0.409739
         1.53125         0.427378
         1.54167          0.43819
         1.55208         0.442002
          1.5625         0.438754
         1.57292         0.428497
         1.58333         0.411396
         1.59375         0.387722
         1.60417         0.357855
         1.61458         0.322271
           1.625          0.28154
         1.63542         0.236311
         1.64583         0.187307
         1.65625         0.135312
         1.66667         0.081155
         1.67708         0.025701
          1.6875        -0.030163
         1.69792        -0.085546
         1.70833        -0.139561
         1.71875        -0.191348
         1.72917        -0.240078
         1.73958        -0.284973
            1.75        -0.325315
         1.76042        -0.360461
         1.77083        -0.389849
         1.78125         -0.41301
         1.79167        -0.429572
         1.80208        -0.439273
          1.8125        -0.441957
         1.82292        -0.437581
         1.83333        -0.426215
         1.84375        -0.408041
         1.85417        -0.383348
         1.86458        -0.352532
           1.875        -0.316084
         1.88542        -0.274588
         1.89583        -0.228705
         1.90625        -0.179168
         1.91667         -0.12677
         1.92708        -0.072346
          1.9375        -0.016767
         1.94792          0.03908
         1.95833         0.094303
         1.96875         0.148019
         1.97917         0.199371
         1.98958         0.247538
               2         0.291751
         2.01042         0.331304
         2.02083         0.365563
         2.03125         0.393984
         2.04167         0.416111
         2.05208         0.431591
          2.0625         0.440176
         2.07292         0.441731
         2.08333         0.436229
         2.09375         0.423759
         2.10417         0.404519
         2.11458         0.378818
           2.125         0.347065
         2.13542         0.309768
         2.14583         0.267523
         2.15625         0.221005
         2.16667         0.170955
         2.17708         0.118176
          2.1875         0.063509
         2.19792         0.007826
         2.20833        -0.047981
         2.21875        -0.103022
         2.22917        -0.156416
         2.23958        -0.207312
            2.25        -0.254897
         2.26042         -0.29841
         2.27083        -0.337156
         2.28125        -0.370516
         2.29167        -0.397958
         2.30208        -0.419042
          2.3125        -0.433433
         2.32292          -0.4409
         2.33333        -0.441324
         2.34375        -0.434698
         2.35417        -0.421128
         2.36458        -0.400831
           2.375        -0.374132
         2.38542        -0.341455
         2.39583        -0.303325
         2.40625        -0.260349
         2.41667        -0.213214
         2.42708        -0.162673
          2.4375        -0.109533
         2.44792        -0.054644
         2.45833         0.001118
         2.46875         0.056862
         2.47917         0.111697
         2.48958         0.164749
             2.5         0.215169
         2.51042         0.262151
         2.52083         0.304947
         2.53125         0.342871
         2.54167         0.375317
         2.55208         0.401768
          2.5625         0.421802
         2.57292         0.435097
         2.58333         0.441443
         2.59375         0.440736
         2.60417          0.43299
         2.61458         0.418326
           2.625          0.39698
         2.63542         0.369292
         2.64583         0.335706
         2.65625         0.296757
         2.66667         0.253068
         2.67708         0.205336
          2.6875         0.154324
         2.69792         0.100846
         2.70833         0.045758
         2.71875        -0.010061
         2.72917         -0.06572
         2.73958        -0.120328
            2.75        -0.173015
         2.76042        -0.222937
         2.77083        -0.269299
         2.78125        -0.311358
         2.79167        -0.348444
         2.80208        -0.379964
          2.8125        -0.405414
         2.82292        -0.424389
         2.83333        -0.436584
         2.84375        -0.441804
         2.85417        -0.439968
         2.86458        -0.431103
           2.875        -0.415352
         2.88542        -0.392966
         2.89583        -0.364303
         2.90625         -0.32982
         2.91667        -0.290068
         2.92708        -0.245683
          2.9375        -0.197373
         2.94792        -0.145911
         2.95833        -0.092118
         2.96875        -0.036853
         2.97917            0.019
         2.98958          0.07455
               3         0.128909
         3.01042         0.181209
         3.02083         0.230614
         3.03125         0.276336
         3.04167         0.317643
         3.05208         0.353876
          3.0625         0.384456
         3.07292         0.408895
         3.08333         0.426802
         3.09375         0.437891
         3.10417         0.441985
         3.11458          0.43902
           3.125         0.429041
         3.13542         0.412208
         3.14583         0.388791
         3.15625         0.359163
         3.16667         0.323798
         3.17708         0.283261
          3.1875         0.238198
         3.19792         0.189331
         3.20833         0.137439
         3.21875         0.083352
         3.22917         0.027933
         3.23958        -0.027932
            3.25        -0.083351
         3.26042        -0.137438
         3.27083         -0.18933
         3.28125        -0.238197
         3.29167         -0.28326
         3.30208        -0.323797
          3.3125        -0.359162
         3.32292         -0.38879
         3.33333        -0.412208
         3.34375         -0.42904
         3.35417        -0.439019
         3.36458        -0.441985
           3.375        -0.437891
         3.38542        -0.426802
         3.39583        -0.408895
         3.40625        -0.384457
         3.41667        -0.353876
         3.42708        -0.317643
          3.4375        -0.276337
         3.44792        -0.230615
         3.45833         -0.18121
         3.46875        -0.128911
         3.47917        -0.074551
         3.48958        -0.019002
             3.5         0.036852
         3.51042         0.092117
         3.52083          0.14591
         3.53125         0.197372
         3.54167         0.245682
         3.55208         0.290067
          3.5625         0.329819
         3.57292         0.364302
         3.58333         0.392966
         3.59375         0.415352
         3.60417         0.431103
         3.61458         0.439968
           3.625         0.441804
         3.63542         0.436584
         3.64583         0.424389
         3.65625         0.405415
         3.66667         0.379965
         3.67708         0.348445
          3.6875         0.311359
         3.69792           0.2693
         3.70833         0.222938
         3.71875         0.173016
         3.72917         0.120329
         3.73958         0.065721
            3.75         0.010062
         3.76042        -0.045757
         3.77083        -0.100845
         3.78125        -0.154323
         3.79167        -0.205335
         3.80208        -0.253067
          3.8125        -0.296756
         3.82292        -0.335706
         3.83333        -0.369292
         3.84375        -0.396979
         3.85417        -0.418326
         3.86458        -0.432989
           3.875        -0.440736
         3.88542        -0.441443
         3.89583        -0.435098
         3.90625        -0.421802
         3.91667        -0.401769
         3.92708        -0.375318
          3.9375        -0.342871
         3.94792        -0.304948
         3.95833        -0.262152
         3.96875         -0.21517
         3.97917         -0.16475
         3.98958        -0.111698
               4        -0.056863
         4.01042        -0.001119
         4.02083         0.054643
         4.03125         0.109532
         4.04167         0.162672
         4.05208         0.213213
          4.0625         0.260348
         4.07292         0.303324
         4.08333         0.341454
         4.09375         0.374131
         4.10417         0.400831
         4.11458         0.421128
           4.125         0.434698
         4.13542         0.441324
         4.14583           0.4409
         4.15625         0.433433
         4.16667         0.419043
         4.17708         0.397958
          4.1875         0.370517
         4.19792         0.337157
         4.20833         0.298411
         4.21875         0.254898
         4.22917         0.207313
         4.23958         0.156417
            4.25         0.103023
         4.26042         0.047982
         4.27083        -0.007825
         4.28125        -0.063507
         4.29167        -0.118175
         4.30208        -0.170954
          4.3125        -0.221004
         4.32292        -0.267522
         4.33333        -0.309767
         4.34375        -0.347064
         4.35417        -0.378817
         4.36458        -0.404519
           4.375        -0.423759
         4.38542        -0.436229
         4.39583        -0.441731
         4.40625        -0.440176
         4.41667        -0.431591
         4.42708        -0.416112
          4.4375        -0.393984
         4.44792        -0.365564
         4.45833        -0.331304
         4.46875        -0.291752
         4.47917        -0.247539
         4.48958        -0.199372
             4.5         -0.14802
         4.51042        -0.094304
         4.52083        -0.039081
         4.53125         0.016766
         4.54167         0.072345
         4.55208         0.126769
          4.5625         0.179167
         4.57292         0.228704
         4.58333         0.274587
         4.59375         0.316083
         4.60417         0.352531
         4.61458         0.383348
           4.625          0.40804
         4.63542         0.426215
         4.64583         0.437581
         4.65625         0.441957
         4.66667         0.439274
         4.67708         0.429573
          4.6875          0.41301
         4.69792          0.38985
         4.70833         0.360462
         4.71875         0.325316
         4.72917         0.284974
         4.73958         0.240079
            4.75         0.191349
         4.76042         0.139563
         4.77083         0.085547
         4.78125         0.030165
         4.79167          -0.0257
         4.80208        -0.081153
          4.8125        -0.135311
         4.82292        -0.187306
         4.83333        -0.236311
         4.84375        -0.281539
         4.85417         -0.32227
         4.86458        -0.357854
           4.875        -0.387721
         4.88542        -0.411395
         4.89583        -0.428497
         4.90625        -0.438754
         4.91667        -0.442002
         4.92708         -0.43819
          4.9375        -0.427378
         4.94792        -0.409739
         4.95833        -0.385555
         4.96875        -0.355212
         4.97917        -0.319194
         4.98958        -0.278079
               5        -0.232521
